{"numEmpleados": 2, "numOrdenes": 32, "numDiasOperacion": 1, "numHabilidades": 2, "tiempoDesplazamiento": [[0, 0.5071343138444794, 0.23955720948541834, 0.21425155809201793, 0.44480201602617564, 0.27751704315210374, 0.4568726690233655, 0.15771802114543956, 0.22232813558692613, 0.2916172404996485, 0.5044448278217454, 0.2839392065534095, 0.03475053493490315, 0.09555120967211021, 0.05495285019790394, 0.42956667557165845, 0.22989626874040234, 0.5496880658654829, 0.44149420404314155, 0.2856325954178572, 0.539273019741597, 0.5169371748341922, 0.2749878406007583, 0.3881312862262674, 0.4668033086466765, 0.4258277536503325, 0.4269424592711846, 0.13663898693467688, 0.08859379232901282, 0.030120181197785176, 0.4186097041340307, 0.029463327164099495, 0.06486862405787333], [0.5071343138444794, 0, 0.3375007382271387, 0.35435815705848794, 0.31317661508014394, 0.3137939472156134, 0.1782767127423355, 0.39444472970649463, 0.34155401981454303, 0.33544862346915466, 0.1505417241604908, 0.3245013759479684, 0.5221016481444314, 0.44208016075404805, 0.4547934517715982, 0.12783710627490225, 0.41503490572016605, 0.17572974036920994, 0.1277168087505335, 0.37515284330428894, 0.09744716082883953, 0.13567678863998464, 0.31515239700931524, 0.25071342776792255, 0.0405036923681367, 0.15128131952899437, 0.14940409329757096, 0.41902281436635486, 0.4377711074412148, 0.49869644326838064, 0.17128904793461933, 0.5101696237161019, 0.49645192351346573], [0.23955720948541834, 0.3375007382271387, 0, 0.025555325288801375, 0.2061447986351279, 0.03834155707016735, 0.23150484760780066, 0.08266385127276889, 0.01856208739983483, 0.056439845102791784, 0.2845790373753542, 0.04516551660366335, 0.23567183321845395, 0.1458133020542652, 0.20945104931062594, 0.2255099114035172, 0.07989381270105515, 0.3256623424883624, 0.23423096648337702, 0.0734520652037271, 0.3355486005863492, 0.30103971169474164, 0.03580992893221386, 0.151451261255014, 0.30258736230459804, 0.2128135686953965, 0.2144122399695896, 0.10704194881271446, 0.15098142336014003, 0.21653447315761873, 0.19959720742663445, 0.2262389778582976, 0.1967338632462731], [0.21425155809201793, 0.35435815705848794, 0.025555325288801375, 0, 0.23093624121287135, 0.06389386956435485, 0.25558096795705854, 0.05711433886131823, 0.012826737201392496, 0.07914478900796595, 0.308091532141461, 0.06980478212117978, 0.21011900874952938, 0.12027510068488549, 0.1855338364547514, 0.24627417744540578, 0.07324901236008804, 0.34983191974484384, 0.255590332676156, 0.08728207179031823, 0.357093031499563, 0.32407746802358267, 0.06136099584879512, 0.17685713181010687, 0.31827375270997577, 0.23488842895487125, 0.23642378438437597, 0.08158390586439536, 0.12565777151973015, 0.19101108243288487, 0.22252916512600832, 0.20068901937534545, 0.17130449410640666], [0.44480201602617564, 0.31317661508014394, 0.2061447986351279, 0.23093624121287135, 0, 0.16962199002821754, 0.13561179066844056, 0.2870841110405966, 0.22422183183359637, 0.1534192961062841, 0.17948424066583388, 0.16114526984120073, 0.43772714009465735, 0.34977022599326507, 0.41527890669916423, 0.19133371736527405, 0.23277505728088466, 0.19485849446140557, 0.18736318686062456, 0.16907746753477584, 0.2520953626949846, 0.20062619968966322, 0.17205771421605406, 0.08584555190869819, 0.2985751180631817, 0.1665867700505676, 0.16823115130344904, 0.30922401848227493, 0.35631022866414735, 0.4202909187120898, 0.14766157483161055, 0.42926995000959645, 0.396644423613784], [0.27751704315210374, 0.3137939472156134, 0.03834155707016735, 0.06389386956435485, 0.16962199002821754, 0, 0.1957781480017964, 0.12098694158723987, 0.0552341611173476, 0.03261635006846717, 0.24971049696008218, 0.016215782923059804, 0.2740126692178389, 0.1841121107629338, 0.24573302864752322, 0.1959616221709843, 0.10232296454907314, 0.28956650646077237, 0.20350903297381265, 0.06791033271580584, 0.3039328764073422, 0.2669581302915016, 0.0025361270600612594, 0.11335146858182209, 0.28111855624955845, 0.180951218008616, 0.18265467730240523, 0.14533869366214533, 0.1890119973794415, 0.25480341665526596, 0.16621301479765496, 0.26455544314793894, 0.23499031928160338], [0.4568726690233655, 0.1782767127423355, 0.23150484760780066, 0.25558096795705854, 0.13561179066844056, 0.1957781480017964, 0, 0.3098458771321874, 0.24403713056690443, 0.2029776232751268, 0.055251660143886154, 0.19894558078460256, 0.46017362906075626, 0.3704279292596903, 0.4144563125908962, 0.06735565855334323, 0.2933110401363656, 0.09426790745566815, 0.05825270934481113, 0.2378256194579669, 0.1218542574739041, 0.0749185711899633, 0.19805040932030168, 0.09202522886127018, 0.16788519100141763, 0.047605452929507554, 0.04817388544478116, 0.3356063640038513, 0.3718936218391979, 0.43880861571919777, 0.04164967565132472, 0.4495395645141364, 0.42444525714360853], [0.15771802114543956, 0.39444472970649463, 0.08266385127276889, 0.05711433886131823, 0.2870841110405966, 0.12098694158723987, 0.3098458771321874, 0, 0.06676396727238938, 0.13398667534589936, 0.3611584604016785, 0.12635831689036564, 0.15306890186223596, 0.06317243248624757, 0.13354469794807572, 0.29471409132235843, 0.08959187185379382, 0.4040526655599108, 0.305006135954866, 0.13229273141027062, 0.4062399919615109, 0.37620004263966506, 0.1184521337772141, 0.23363027570153297, 0.3564556412290428, 0.2857343940489811, 0.28714711420702016, 0.02592785689652447, 0.06931892427851673, 0.1339277148019687, 0.2749459323733571, 0.14357528788534688, 0.1149345413363594], [0.22232813558692613, 0.34155401981454303, 0.01856208739983483, 0.012826737201392496, 0.22422183183359637, 0.0552341611173476, 0.24403713056690443, 0.06676396727238938, 0, 0.07496449049583329, 0.2962118012407449, 0.06355229591512328, 0.2196789753157903, 0.12949560174026467, 0.19115219743046416, 0.23365007311530384, 0.08340717339461472, 0.3383050366769853, 0.2430645736822592, 0.08902872248575117, 0.3445764874898918, 0.31199009042492215, 0.052714041156913034, 0.16694818152179067, 0.30553235827793795, 0.22253408197594962, 0.22405223069001287, 0.09202047785152917, 0.13388962228341292, 0.19999997846311898, 0.21045185781375705, 0.20994542003966518, 0.18162074538092565], [0.2916172404996485, 0.33544862346915466, 0.056439845102791784, 0.07914478900796595, 0.1534192961062841, 0.03261635006846717, 0.2029776232751268, 0.13398667534589936, 0.07496449049583329, 0, 0.25806113252988033, 0.01640380090801313, 0.2844314773409741, 0.19640309202014583, 0.2646740454057992, 0.21319790135049077, 0.09064031646098193, 0.29468196961770776, 0.21918244789558206, 0.03985148201888686, 0.31726416095033944, 0.27666156379870827, 0.0335033539197485, 0.11369911779917641, 0.3046910515408431, 0.195492248089479, 0.1973098399236416, 0.1558048944504529, 0.20330447680268648, 0.26687383127925035, 0.17872931962786073, 0.2758694239977541, 0.24365639129650826], [0.5044448278217454, 0.1505417241604908, 0.2845790373753542, 0.308091532141461, 0.17948424066583388, 0.24971049696008218, 0.055251660143886154, 0.3611584604016785, 0.2962118012407449, 0.25806113252988033, 0, 0.253593792115373, 0.5096328687873782, 0.4205534945633966, 0.45984357122831954, 0.08373870435666969, 0.34823618284545726, 0.04721573862973082, 0.07036704640526133, 0.2930772796002334, 0.07276019382911499, 0.02123548186497476, 0.2519178245368716, 0.14712441678108312, 0.15280124356104288, 0.07935543301022555, 0.0785051939436667, 0.3870469158946867, 0.4211504033631368, 0.4877826427130901, 0.08637187984617796, 0.49871791081824357, 0.4751039829834698], [0.2839392065534095, 0.3245013759479684, 0.04516551660366335, 0.06980478212117978, 0.16114526984120073, 0.016215782923059804, 0.19894558078460256, 0.12635831689036564, 0.06355229591512328, 0.01640380090801313, 0.253593792115373, 0, 0.2785464398145846, 0.18940882055634747, 0.25461646619571465, 0.20425582926488509, 0.09509286674083255, 0.29189194256983647, 0.2110173401473986, 0.05320500518427976, 0.3104128224170581, 0.2715547917824928, 0.01715330871719745, 0.1125766298813637, 0.2927785410946446, 0.18781826041671754, 0.18958552543487073, 0.14952978329784952, 0.1953621291205965, 0.2601501246430892, 0.17198822727848104, 0.2695311710949627, 0.23855999124244454], [0.03475053493490315, 0.5221016481444314, 0.23567183321845395, 0.21011900874952938, 0.43772714009465735, 0.2740126692178389, 0.46017362906075626, 0.15306890186223596, 0.2196789753157903, 0.2844314773409741, 0.5096328687873782, 0.2785464398145846, 0, 0.0902702178922901, 0.08190707817553756, 0.4376780291843803, 0.2146267657964016, 0.5539016361529037, 0.4491037310415846, 0.27385616930756607, 0.548520863014676, 0.5232428318622019, 0.2714799865999005, 0.38662698038266813, 0.4820879716021178, 0.43202160742457996, 0.43325655036368765, 0.12901789494768356, 0.08848882640638751, 0.02347151827183962, 0.42332033972394884, 0.012055447215726515, 0.04252880777354809], [0.09555120967211021, 0.44208016075404805, 0.1458133020542652, 0.12027510068488549, 0.34977022599326507, 0.1841121107629338, 0.3704279292596903, 0.06317243248624757, 0.12949560174026467, 0.19640309202014583, 0.4205534945633966, 0.18940882055634747, 0.0902702178922901, 0, 0.08283445617448411, 0.350607109117389, 0.13720056559943725, 0.4643641065660855, 0.3616105854568494, 0.19041007304068114, 0.4619779760093785, 0.43471507926329095, 0.18157629444369414, 0.29642686089413234, 0.40281633110315757, 0.34364843642135395, 0.3449523214046169, 0.041108426132791344, 0.014261369345600725, 0.07076310307197259, 0.3341818822278475, 0.08046555180537528, 0.05520040359599832], [0.05495285019790394, 0.4547934517715982, 0.20945104931062594, 0.1855338364547514, 0.41527890669916423, 0.24573302864752322, 0.4144563125908962, 0.13354469794807572, 0.19115219743046416, 0.2646740454057992, 0.45984357122831954, 0.25461646619571465, 0.08190707817553756, 0.08283445617448411, 0, 0.38257113205037574, 0.21784439925106924, 0.5058659539055002, 0.3948933786550061, 0.26583550248698556, 0.4908757181527399, 0.47120854551568003, 0.24327369469721438, 0.3518537971381419, 0.41435397913770244, 0.38065326687567635, 0.3816442707489583, 0.11948277173213011, 0.06981894594370115, 0.0621364643000905, 0.3749701071404728, 0.07106101336626698, 0.08764507566961804], [0.42956667557165845, 0.12783710627490225, 0.2255099114035172, 0.24627417744540578, 0.19133371736527405, 0.1959616221709843, 0.06735565855334323, 0.29471409132235843, 0.23365007311530384, 0.21319790135049077, 0.08373870435666969, 0.20425582926488509, 0.4376780291843803, 0.350607109117389, 0.38257113205037574, 0, 0.2982486306471341, 0.130728542756539, 0.013378370681292105, 0.25215723796480966, 0.11155319093967886, 0.09012500077596479, 0.1977212146294136, 0.1229748665552362, 0.10755932370895005, 0.024767441757657962, 0.023102597558618588, 0.3205245529050617, 0.3495421991521166, 0.41513490888014, 0.044387519950515465, 0.4263428891055429, 0.4057626692124859], [0.22989626874040234, 0.41503490572016605, 0.07989381270105515, 0.07324901236008804, 0.23277505728088466, 0.10232296454907314, 0.2933110401363656, 0.08959187185379382, 0.08340717339461472, 0.09064031646098193, 0.34823618284545726, 0.09509286674083255, 0.2146267657964016, 0.13720056559943725, 0.21784439925106924, 0.2982486306471341, 0, 0.3853190381574521, 0.3055682438545404, 0.06370319790061264, 0.40542181781470016, 0.366470236977646, 0.10065057666410464, 0.20428124090139144, 0.38113646921390765, 0.28265772372543047, 0.28440159135766563, 0.09836552690953591, 0.1485941610772469, 0.201523658182837, 0.26706703411735827, 0.20836545653537206, 0.17212436319417068], [0.5496880658654829, 0.17572974036920994, 0.3256623424883624, 0.34983191974484384, 0.19485849446140557, 0.28956650646077237, 0.09426790745566815, 0.4040526655599108, 0.3383050366769853, 0.29468196961770776, 0.04721573862973082, 0.29189194256983647, 0.5539016361529037, 0.4643641065660855, 0.5058659539055002, 0.130728542756539, 0.3853190381574521, 0, 0.11735186097422472, 0.3274790148494837, 0.08128768536167609, 0.04550554417109682, 0.29188075752220927, 0.1812908908247807, 0.18681100353681215, 0.12610359251566391, 0.1253620449115811, 0.42983658100410027, 0.4655048143219162, 0.5323260113111851, 0.1310979502288702, 0.5431494874198424, 0.5185486758842816], [0.44149420404314155, 0.1277168087505335, 0.23423096648337702, 0.255590332676156, 0.18736318686062456, 0.20350903297381265, 0.05825270934481113, 0.305006135954866, 0.2430645736822592, 0.21918244789558206, 0.07036704640526133, 0.2110173401473986, 0.4491037310415846, 0.3616105854568494, 0.3948933786550061, 0.013378370681292105, 0.3055682438545404, 0.11735186097422472, 0, 0.25765870868051466, 0.10151315175663483, 0.07707367451240375, 0.20536620224930713, 0.12377057729131868, 0.11148400316067397, 0.02446445072478262, 0.02255305938380248, 0.3308741526000479, 0.36084134452217415, 0.42666741619287785, 0.04404404470945644, 0.4378347552159636, 0.4167106553800868], [0.2856325954178572, 0.37515284330428894, 0.0734520652037271, 0.08728207179031823, 0.16907746753477584, 0.06791033271580584, 0.2378256194579669, 0.13229273141027062, 0.08902872248575117, 0.03985148201888686, 0.2930772796002334, 0.05320500518427976, 0.27385616930756607, 0.19041007304068114, 0.26583550248698556, 0.25215723796480966, 0.06370319790061264, 0.3274790148494837, 0.25765870868051466, 0, 0.3545081147439078, 0.31230242229461913, 0.0677683253427686, 0.1464613780484552, 0.34454126108280114, 0.23370208676122625, 0.23554871422508952, 0.1494081265192658, 0.19966146604772453, 0.2587003489567224, 0.21631375554959, 0.26656594019088214, 0.23174097786264328], [0.539273019741597, 0.09744716082883953, 0.3355486005863492, 0.357093031499563, 0.2520953626949846, 0.3039328764073422, 0.1218542574739041, 0.4062399919615109, 0.3445764874898918, 0.31726416095033944, 0.07276019382911499, 0.3104128224170581, 0.548520863014676, 0.4619779760093785, 0.4908757181527399, 0.11155319093967886, 0.40542181781470016, 0.08128768536167609, 0.10151315175663483, 0.3545081147439078, 0, 0.05198159351796925, 0.30588714376894405, 0.21204216033445875, 0.11719189071656226, 0.12300536575354927, 0.12133038666878186, 0.4320644089904531, 0.460618041819357, 0.5258049117234758, 0.1385607271672625, 0.5370794501066294, 0.5171596996092335], [0.5169371748341922, 0.13567678863998464, 0.30103971169474164, 0.32407746802358267, 0.20062619968966322, 0.2669581302915016, 0.0749185711899633, 0.37620004263966506, 0.31199009042492215, 0.27666156379870827, 0.02123548186497476, 0.2715547917824928, 0.5232428318622019, 0.43471507926329095, 0.47120854551568003, 0.09012500077596479, 0.366470236977646, 0.04550554417109682, 0.07707367451240375, 0.31230242229461913, 0.05198159351796925, 0, 0.2691030600384599, 0.1669244861040192, 0.14266672525047597, 0.09123815548300919, 0.09004936001423086, 0.4021246331560926, 0.4347767505194022, 0.5011257586096495, 0.10154854118284468, 0.5121695217409186, 0.48952501333580206], [0.2749878406007583, 0.31515239700931524, 0.03580992893221386, 0.06136099584879512, 0.17205771421605406, 0.0025361270600612594, 0.19805040932030168, 0.1184521337772141, 0.052714041156913034, 0.0335033539197485, 0.2519178245368716, 0.01715330871719745, 0.2714799865999005, 0.18157629444369414, 0.24327369469721438, 0.1977212146294136, 0.10065057666410464, 0.29188075752220927, 0.20536620224930713, 0.0677683253427686, 0.30588714376894405, 0.2691030600384599, 0, 0.11584410079895384, 0.28230144488614556, 0.18289175307725514, 0.18458731789540062, 0.1428152202326982, 0.18647993817711653, 0.25226729048263424, 0.1682749618817442, 0.2620200605274981, 0.23247218192480615], [0.3881312862262674, 0.25071342776792255, 0.151451261255014, 0.17685713181010687, 0.08584555190869819, 0.11335146858182209, 0.09202522886127018, 0.23363027570153297, 0.16694818152179067, 0.11369911779917641, 0.14712441678108312, 0.1125766298813637, 0.38662698038266813, 0.29642686089413234, 0.3518537971381419, 0.1229748665552362, 0.20428124090139144, 0.1812908908247807, 0.12377057729131868, 0.1464613780484552, 0.21204216033445875, 0.1669244861040192, 0.11584410079895384, 0, 0.22882754315249787, 0.09960300100775497, 0.10150371496746365, 0.25844103745745856, 0.3002609747951037, 0.36678920091458295, 0.07973218823342704, 0.37684835974740677, 0.34815986156227036], [0.4668033086466765, 0.0405036923681367, 0.30258736230459804, 0.31827375270997577, 0.2985751180631817, 0.28111855624955845, 0.16788519100141763, 0.3564556412290428, 0.30553235827793795, 0.3046910515408431, 0.15280124356104288, 0.2927785410946446, 0.4820879716021178, 0.40281633110315757, 0.41435397913770244, 0.10755932370895005, 0.38113646921390765, 0.18681100353681215, 0.11148400316067397, 0.34454126108280114, 0.11719189071656226, 0.14266672525047597, 0.28230144488614556, 0.22882754315249787, 0, 0.13229273480309137, 0.13057127526334145, 0.3807279250816842, 0.3982068242870769, 0.4586622799436782, 0.1518872675869948, 0.4701353121246845, 0.4569739438454237], [0.4258277536503325, 0.15128131952899437, 0.2128135686953965, 0.23488842895487125, 0.1665867700505676, 0.180951218008616, 0.047605452929507554, 0.2857343940489811, 0.22253408197594962, 0.195492248089479, 0.07935543301022555, 0.18781826041671754, 0.43202160742457996, 0.34364843642135395, 0.38065326687567635, 0.024767441757657962, 0.28265772372543047, 0.12610359251566391, 0.02446445072478262, 0.23370208676122625, 0.12300536575354927, 0.09123815548300919, 0.18289175307725514, 0.09960300100775497, 0.13229273480309137, 0, 0.0019143524429907357, 0.3116576258262436, 0.34356580859294134, 0.4098878632482466, 0.020017221924958927, 0.42093518884199105, 0.3985514834519541], [0.4269424592711846, 0.14940409329757096, 0.2144122399695896, 0.23642378438437597, 0.16823115130344904, 0.18265467730240523, 0.04817388544478116, 0.28714711420702016, 0.22405223069001287, 0.1973098399236416, 0.0785051939436667, 0.18958552543487073, 0.43325655036368765, 0.3449523214046169, 0.3816442707489583, 0.023102597558618588, 0.28440159135766563, 0.1253620449115811, 0.02255305938380248, 0.23554871422508952, 0.12133038666878186, 0.09004936001423086, 0.18458731789540062, 0.10150371496746365, 0.13057127526334145, 0.0019143524429907357, 0, 0.31306798658081075, 0.34481052113757654, 0.4110956200068638, 0.021885994630168857, 0.42215390187988233, 0.3998764610397256], [0.13663898693467688, 0.41902281436635486, 0.10704194881271446, 0.08158390586439536, 0.30922401848227493, 0.14533869366214533, 0.3356063640038513, 0.02592785689652447, 0.09202047785152917, 0.1558048944504529, 0.3870469158946867, 0.14952978329784952, 0.12901789494768356, 0.041108426132791344, 0.11948277173213011, 0.3205245529050617, 0.09836552690953591, 0.42983658100410027, 0.3308741526000479, 0.1494081265192658, 0.4320644089904531, 0.4021246331560926, 0.1428152202326982, 0.25844103745745856, 0.3807279250816842, 0.3116576258262436, 0.31306798658081075, 0, 0.05068321550832405, 0.11108357595817803, 0.3008544185037656, 0.1201187297102006, 0.08972383456828416], [0.08859379232901282, 0.4377711074412148, 0.15098142336014003, 0.12565777151973015, 0.35631022866414735, 0.1890119973794415, 0.3718936218391979, 0.06931892427851673, 0.13388962228341292, 0.20330447680268648, 0.4211504033631368, 0.1953621291205965, 0.08848882640638751, 0.014261369345600725, 0.06981894594370115, 0.3495421991521166, 0.1485941610772469, 0.4655048143219162, 0.36084134452217415, 0.19966146604772453, 0.460618041819357, 0.4347767505194022, 0.18647993817711653, 0.3002609747951037, 0.3982068242870769, 0.34356580859294134, 0.34481052113757654, 0.05068321550832405, 0, 0.06697371360080803, 0.3348492204778269, 0.07765115557977813, 0.05888711360656593], [0.030120181197785176, 0.49869644326838064, 0.21653447315761873, 0.19101108243288487, 0.4202909187120898, 0.25480341665526596, 0.43880861571919777, 0.1339277148019687, 0.19999997846311898, 0.26687383127925035, 0.4877826427130901, 0.2601501246430892, 0.02347151827183962, 0.07076310307197259, 0.0621364643000905, 0.41513490888014, 0.201523658182837, 0.5323260113111851, 0.42666741619287785, 0.2587003489567224, 0.5258049117234758, 0.5011257586096495, 0.25226729048263424, 0.36678920091458295, 0.4586622799436782, 0.4098878632482466, 0.4110956200068638, 0.11108357595817803, 0.06697371360080803, 0, 0.40154709986799436, 0.011473343756905096, 0.034944633231645525], [0.4186097041340307, 0.17128904793461933, 0.19959720742663445, 0.22252916512600832, 0.14766157483161055, 0.16621301479765496, 0.04164967565132472, 0.2749459323733571, 0.21045185781375705, 0.17872931962786073, 0.08637187984617796, 0.17198822727848104, 0.42332033972394884, 0.3341818822278475, 0.3749701071404728, 0.044387519950515465, 0.26706703411735827, 0.1310979502288702, 0.04404404470945644, 0.21631375554959, 0.1385607271672625, 0.10154854118284468, 0.1682749618817442, 0.07973218823342704, 0.1518872675869948, 0.020017221924958927, 0.021885994630168857, 0.3008544185037656, 0.3348492204778269, 0.40154709986799436, 0, 0.41244684704153994, 0.38874678014522407], [0.029463327164099495, 0.5101696237161019, 0.2262389778582976, 0.20068901937534545, 0.42926995000959645, 0.26455544314793894, 0.4495395645141364, 0.14357528788534688, 0.20994542003966518, 0.2758694239977541, 0.49871791081824357, 0.2695311710949627, 0.012055447215726515, 0.08046555180537528, 0.07106101336626698, 0.4263428891055429, 0.20836545653537206, 0.5431494874198424, 0.4378347552159636, 0.26656594019088214, 0.5370794501066294, 0.5121695217409186, 0.2620200605274981, 0.37684835974740677, 0.4701353121246845, 0.42093518884199105, 0.42215390187988233, 0.1201187297102006, 0.07765115557977813, 0.011473343756905096, 0.41244684704153994, 0, 0.0377880976803505], [0.06486862405787333, 0.49645192351346573, 0.1967338632462731, 0.17130449410640666, 0.396644423613784, 0.23499031928160338, 0.42444525714360853, 0.1149345413363594, 0.18162074538092565, 0.24365639129650826, 0.4751039829834698, 0.23855999124244454, 0.04252880777354809, 0.05520040359599832, 0.08764507566961804, 0.4057626692124859, 0.17212436319417068, 0.5185486758842816, 0.4167106553800868, 0.23174097786264328, 0.5171596996092335, 0.48952501333580206, 0.23247218192480615, 0.34815986156227036, 0.4569739438454237, 0.3985514834519541, 0.3998764610397256, 0.08972383456828416, 0.05888711360656593, 0.034944633231645525, 0.38874678014522407, 0.0377880976803505, 0]], "tiempoAtencion": [0.25, 0.25, 0.25, 0.25, 0.25, 0.25, 0.25, 0.25, 0.25, 0.25, 0.25, 0.25, 0.25, 0.25, 0.25, 0.25, 0.25, 0.25, 0.25, 0.25, 0.25, 0.25, 0.25, 0.25, 0.25, 0.25, 0.25, 0.25, 0.25, 0.25, 0.25, 0.25, 0.25], "habilidadesOperarios": [[1, 0], [1, 0]], "habilidadesOrdenes": [[1, 0], [1, 0], [1, 0], [1, 0], [1, 0], [1, 0], [1, 0], [1, 0], [1, 0], [1, 0], [1, 0], [1, 0], [1, 0], [1, 0], [1, 0], [1, 0], [1, 0], [1, 0], [1, 0], [1, 0], [1, 0], [1, 0], [1, 0], [1, 0], [1, 0], [1, 0], [1, 0], [1, 0], [1, 0], [1, 0], [1, 0], [0, 1], [1, 0]], "porcentajeCumplimientoHabilidades": 1, "horasTrabajo": [[9], [9]]}