{"numEmpleados": 2, "numOrdenes": 29, "numDiasOperacion": 2, "numHabilidades": 1, "tiempoDesplazamiento": [[0, 1.1321343138444793, 0.8645572094854184, 0.8392515580920179, 1.0698020160261756, 0.9025170431521037, 1.0818726690233655, 0.7827180211454395, 0.8473281355869261, 0.9166172404996485, 1.1294448278217455, 0.9089392065534095, 0.6597505349349032, 0.7205512096721103, 0.6799528501979039, 1.0545666755716585, 0.8548962687404024, 1.1746880658654828, 1.0664942040431415, 0.9106325954178572, 1.1642730197415971, 1.1419371748341922, 0.8999878406007583, 1.0131312862262674, 1.0918033086466765, 1.0508277536503325, 1.0519424592711848, 0.7616389869346768, 0.7135937923290129, 0.6551201811977851], [1.1321343138444793, 0, 0.9625007382271388, 0.9793581570584879, 0.9381766150801439, 0.9387939472156134, 0.8032767127423356, 1.0194447297064946, 0.9665540198145429, 0.9604486234691546, 0.7755417241604908, 0.9495013759479685, 1.1471016481444314, 1.067080160754048, 1.0797934517715981, 0.7528371062749022, 1.040034905720166, 0.80072974036921, 0.7527168087505335, 1.0001528433042888, 0.7224471608288395, 0.7606767886399847, 0.9401523970093152, 0.8757134277679226, 0.6655036923681367, 0.7762813195289944, 0.774404093297571, 1.0440228143663548, 1.0627711074412147, 1.1236964432683807], [0.8645572094854184, 0.9625007382271388, 0, 0.6505553252888013, 0.8311447986351279, 0.6633415570701674, 0.8565048476078007, 0.7076638512727689, 0.6435620873998348, 0.6814398451027918, 0.9095790373753543, 0.6701655166036633, 0.8606718332184539, 0.7708133020542652, 0.834451049310626, 0.8505099114035172, 0.7048938127010551, 0.9506623424883625, 0.859230966483377, 0.698452065203727, 0.9605486005863492, 0.9260397116947416, 0.6608099289322139, 0.776451261255014, 0.9275873623045982, 0.8378135686953966, 0.8394122399695897, 0.7320419488127144, 0.7759814233601401, 0.8415344731576188], [0.8392515580920179, 0.9793581570584879, 0.6505553252888013, 0, 0.8559362412128714, 0.6888938695643548, 0.8805809679570585, 0.6821143388613183, 0.6378267372013925, 0.704144789007966, 0.9330915321414611, 0.6948047821211798, 0.8351190087495294, 0.7452751006848856, 0.8105338364547515, 0.8712741774454057, 0.6982490123600881, 0.9748319197448438, 0.880590332676156, 0.7122820717903182, 0.982093031499563, 0.9490774680235826, 0.6863609958487951, 0.8018571318101069, 0.9432737527099757, 0.8598884289548713, 0.861423784384376, 0.7065839058643953, 0.7506577715197301, 0.8160110824328849], [1.0698020160261756, 0.9381766150801439, 0.8311447986351279, 0.8559362412128714, 0, 0.7946219900282175, 0.7606117906684405, 0.9120841110405967, 0.8492218318335963, 0.778419296106284, 0.8044842406658339, 0.7861452698412007, 1.0627271400946574, 0.974770225993265, 1.0402789066991642, 0.816333717365274, 0.8577750572808847, 0.8198584944614056, 0.8123631868606246, 0.7940774675347759, 0.8770953626949846, 0.8256261996896632, 0.797057714216054, 0.7108455519086982, 0.9235751180631816, 0.7915867700505675, 0.793231151303449, 0.9342240184822749, 0.9813102286641474, 1.0452909187120898], [0.9025170431521037, 0.9387939472156134, 0.6633415570701674, 0.6888938695643548, 0.7946219900282175, 0, 0.8207781480017964, 0.7459869415872399, 0.6802341611173476, 0.6576163500684672, 0.8747104969600822, 0.6412157829230598, 0.8990126692178388, 0.8091121107629338, 0.8707330286475233, 0.8209616221709842, 0.7273229645490731, 0.9145665064607723, 0.8285090329738126, 0.6929103327158058, 0.9289328764073422, 0.8919581302915015, 0.6275361270600612, 0.7383514685818221, 0.9061185562495585, 0.8059512180086159, 0.8076546773024053, 0.7703386936621452, 0.8140119973794415, 0.8798034166552661], [1.0818726690233655, 0.8032767127423356, 0.8565048476078007, 0.8805809679570585, 0.7606117906684405, 0.8207781480017964, 0, 0.9348458771321875, 0.8690371305669045, 0.8279776232751268, 0.680251660143886, 0.8239455807846024, 1.0851736290607563, 0.9954279292596903, 1.0394563125908962, 0.6923556585533431, 0.9183110401363656, 0.7192679074556682, 0.6832527093448112, 0.862825619457967, 0.746854257473904, 0.6999185711899633, 0.8230504093203016, 0.7170252288612703, 0.7928851910014177, 0.6726054529295076, 0.6731738854447812, 0.9606063640038514, 0.9968936218391979, 1.063808615719198], [0.7827180211454395, 1.0194447297064946, 0.7076638512727689, 0.6821143388613183, 0.9120841110405967, 0.7459869415872399, 0.9348458771321875, 0, 0.6917639672723893, 0.7589866753458994, 0.9861584604016785, 0.7513583168903657, 0.7780689018622359, 0.6881724324862476, 0.7585446979480758, 0.9197140913223585, 0.7145918718537939, 1.0290526655599108, 0.930006135954866, 0.7572927314102706, 1.0312399919615107, 1.001200042639665, 0.7434521337772141, 0.8586302757015329, 0.9814556412290427, 0.910734394048981, 0.9121471142070202, 0.6509278568965244, 0.6943189242785167, 0.7589277148019686], [0.8473281355869261, 0.9665540198145429, 0.6435620873998348, 0.6378267372013925, 0.8492218318335963, 0.6802341611173476, 0.8690371305669045, 0.6917639672723893, 0, 0.6999644904958333, 0.9212118012407449, 0.6885522959151232, 0.8446789753157903, 0.7544956017402646, 0.8161521974304642, 0.8586500731153038, 0.7084071733946148, 0.9633050366769854, 0.8680645736822591, 0.7140287224857511, 0.9695764874898917, 0.9369900904249221, 0.677714041156913, 0.7919481815217907, 0.9305323582779379, 0.8475340819759496, 0.8490522306900129, 0.7170204778515292, 0.7588896222834128, 0.824999978463119], [0.9166172404996485, 0.9604486234691546, 0.6814398451027918, 0.704144789007966, 0.778419296106284, 0.6576163500684672, 0.8279776232751268, 0.7589866753458994, 0.6999644904958333, 0, 0.8830611325298804, 0.6414038009080131, 0.9094314773409741, 0.8214030920201458, 0.8896740454057991, 0.8381979013504908, 0.7156403164609819, 0.9196819696177078, 0.844182447895582, 0.6648514820188869, 0.9422641609503394, 0.9016615637987083, 0.6585033539197486, 0.7386991177991765, 0.9296910515408431, 0.820492248089479, 0.8223098399236416, 0.780804894450453, 0.8283044768026865, 0.8918738312792504], [1.1294448278217455, 0.7755417241604908, 0.9095790373753543, 0.9330915321414611, 0.8044842406658339, 0.8747104969600822, 0.680251660143886, 0.9861584604016785, 0.9212118012407449, 0.8830611325298804, 0, 0.8785937921153729, 1.1346328687873781, 1.0455534945633966, 1.0848435712283195, 0.7087387043566697, 0.9732361828454573, 0.6722157386297308, 0.6953670464052614, 0.9180772796002333, 0.697760193829115, 0.6462354818649748, 0.8769178245368717, 0.7721244167810831, 0.777801243561043, 0.7043554330102255, 0.7035051939436667, 1.0120469158946868, 1.0461504033631368, 1.11278264271309], [0.9089392065534095, 0.9495013759479685, 0.6701655166036633, 0.6948047821211798, 0.7861452698412007, 0.6412157829230598, 0.8239455807846024, 0.7513583168903657, 0.6885522959151232, 0.6414038009080131, 0.8785937921153729, 0, 0.9035464398145846, 0.8144088205563476, 0.8796164661957148, 0.8292558292648851, 0.7200928667408325, 0.9168919425698364, 0.8360173401473986, 0.6782050051842797, 0.935412822417058, 0.8965547917824929, 0.6421533087171974, 0.7375766298813637, 0.9177785410946445, 0.8128182604167176, 0.8145855254348707, 0.7745297832978495, 0.8203621291205966, 0.8851501246430892], [0.6597505349349032, 1.1471016481444314, 0.8606718332184539, 0.8351190087495294, 1.0627271400946574, 0.8990126692178388, 1.0851736290607563, 0.7780689018622359, 0.8446789753157903, 0.9094314773409741, 1.1346328687873781, 0.9035464398145846, 0, 0.7152702178922902, 0.7069070781755377, 1.0626780291843803, 0.8396267657964017, 1.1789016361529037, 1.0741037310415846, 0.8988561693075661, 1.1735208630146758, 1.1482428318622018, 0.8964799865999006, 1.011626980382668, 1.1070879716021178, 1.05702160742458, 1.0582565503636878, 0.7540178949476836, 0.7134888264063876, 0.6484715182718396], [0.7205512096721103, 1.067080160754048, 0.7708133020542652, 0.7452751006848856, 0.974770225993265, 0.8091121107629338, 0.9954279292596903, 0.6881724324862476, 0.7544956017402646, 0.8214030920201458, 1.0455534945633966, 0.8144088205563476, 0.7152702178922902, 0, 0.707834456174484, 0.975607109117389, 0.7622005655994372, 1.0893641065660855, 0.9866105854568493, 0.8154100730406811, 1.0869779760093785, 1.059715079263291, 0.806576294443694, 0.9214268608941323, 1.0278163311031576, 0.968648436421354, 0.9699523214046168, 0.6661084261327913, 0.6392613693456007, 0.6957631030719726], [0.6799528501979039, 1.0797934517715981, 0.834451049310626, 0.8105338364547515, 1.0402789066991642, 0.8707330286475233, 1.0394563125908962, 0.7585446979480758, 0.8161521974304642, 0.8896740454057991, 1.0848435712283195, 0.8796164661957148, 0.7069070781755377, 0.707834456174484, 0, 1.0075711320503757, 0.8428443992510694, 1.1308659539055002, 1.019893378655006, 0.8908355024869855, 1.11587571815274, 1.09620854551568, 0.8682736946972144, 0.9768537971381419, 1.0393539791377024, 1.0056532668756764, 1.0066442707489582, 0.7444827717321302, 0.6948189459437012, 0.6871364643000906], [1.0545666755716585, 0.7528371062749022, 0.8505099114035172, 0.8712741774454057, 0.816333717365274, 0.8209616221709842, 0.6923556585533431, 0.9197140913223585, 0.8586500731153038, 0.8381979013504908, 0.7087387043566697, 0.8292558292648851, 1.0626780291843803, 0.975607109117389, 1.0075711320503757, 0, 0.9232486306471341, 0.7557285427565391, 0.6383783706812921, 0.8771572379648097, 0.7365531909396789, 0.7151250007759647, 0.8227212146294137, 0.7479748665552362, 0.73255932370895, 0.649767441757658, 0.6481025975586187, 0.9455245529050617, 0.9745421991521166, 1.04013490888014], [0.8548962687404024, 1.040034905720166, 0.7048938127010551, 0.6982490123600881, 0.8577750572808847, 0.7273229645490731, 0.9183110401363656, 0.7145918718537939, 0.7084071733946148, 0.7156403164609819, 0.9732361828454573, 0.7200928667408325, 0.8396267657964017, 0.7622005655994372, 0.8428443992510694, 0.9232486306471341, 0, 1.010319038157452, 0.9305682438545405, 0.6887031979006126, 1.0304218178147002, 0.991470236977646, 0.7256505766641047, 0.8292812409013915, 1.0061364692139076, 0.9076577237254305, 0.9094015913576655, 0.7233655269095359, 0.7735941610772469, 0.826523658182837], [1.1746880658654828, 0.80072974036921, 0.9506623424883625, 0.9748319197448438, 0.8198584944614056, 0.9145665064607723, 0.7192679074556682, 1.0290526655599108, 0.9633050366769854, 0.9196819696177078, 0.6722157386297308, 0.9168919425698364, 1.1789016361529037, 1.0893641065660855, 1.1308659539055002, 0.7557285427565391, 1.010319038157452, 0, 0.7423518609742247, 0.9524790148494837, 0.7062876853616761, 0.6705055441710969, 0.9168807575222093, 0.8062908908247808, 0.8118110035368122, 0.7511035925156638, 0.7503620449115811, 1.0548365810041003, 1.090504814321916, 1.1573260113111852], [1.0664942040431415, 0.7527168087505335, 0.859230966483377, 0.880590332676156, 0.8123631868606246, 0.8285090329738126, 0.6832527093448112, 0.930006135954866, 0.8680645736822591, 0.844182447895582, 0.6953670464052614, 0.8360173401473986, 1.0741037310415846, 0.9866105854568493, 1.019893378655006, 0.6383783706812921, 0.9305682438545405, 0.7423518609742247, 0, 0.8826587086805148, 0.7265131517566349, 0.7020736745124038, 0.8303662022493071, 0.7487705772913187, 0.736484003160674, 0.6494644507247826, 0.6475530593838025, 0.9558741526000478, 0.9858413445221741, 1.0516674161928778], [0.9106325954178572, 1.0001528433042888, 0.698452065203727, 0.7122820717903182, 0.7940774675347759, 0.6929103327158058, 0.862825619457967, 0.7572927314102706, 0.7140287224857511, 0.6648514820188869, 0.9180772796002333, 0.6782050051842797, 0.8988561693075661, 0.8154100730406811, 0.8908355024869855, 0.8771572379648097, 0.6887031979006126, 0.9524790148494837, 0.8826587086805148, 0, 0.9795081147439078, 0.9373024222946191, 0.6927683253427687, 0.7714613780484552, 0.9695412610828011, 0.8587020867612263, 0.8605487142250895, 0.7744081265192658, 0.8246614660477246, 0.8837003489567223], [1.1642730197415971, 0.7224471608288395, 0.9605486005863492, 0.982093031499563, 0.8770953626949846, 0.9289328764073422, 0.746854257473904, 1.0312399919615107, 0.9695764874898917, 0.9422641609503394, 0.697760193829115, 0.935412822417058, 1.1735208630146758, 1.0869779760093785, 1.11587571815274, 0.7365531909396789, 1.0304218178147002, 0.7062876853616761, 0.7265131517566349, 0.9795081147439078, 0, 0.6769815935179692, 0.9308871437689441, 0.8370421603344588, 0.7421918907165622, 0.7480053657535493, 0.7463303866687818, 1.0570644089904533, 1.085618041819357, 1.1508049117234758], [1.1419371748341922, 0.7606767886399847, 0.9260397116947416, 0.9490774680235826, 0.8256261996896632, 0.8919581302915015, 0.6999185711899633, 1.001200042639665, 0.9369900904249221, 0.9016615637987083, 0.6462354818649748, 0.8965547917824929, 1.1482428318622018, 1.059715079263291, 1.09620854551568, 0.7151250007759647, 0.991470236977646, 0.6705055441710969, 0.7020736745124038, 0.9373024222946191, 0.6769815935179692, 0, 0.8941030600384599, 0.7919244861040191, 0.767666725250476, 0.7162381554830092, 0.7150493600142309, 1.0271246331560926, 1.0597767505194022, 1.1261257586096496], [0.8999878406007583, 0.9401523970093152, 0.6608099289322139, 0.6863609958487951, 0.797057714216054, 0.6275361270600612, 0.8230504093203016, 0.7434521337772141, 0.677714041156913, 0.6585033539197486, 0.8769178245368717, 0.6421533087171974, 0.8964799865999006, 0.806576294443694, 0.8682736946972144, 0.8227212146294137, 0.7256505766641047, 0.9168807575222093, 0.8303662022493071, 0.6927683253427687, 0.9308871437689441, 0.8941030600384599, 0, 0.7408441007989538, 0.9073014448861456, 0.807891753077255, 0.8095873178954006, 0.7678152202326981, 0.8114799381771166, 0.8772672904826342], [1.0131312862262674, 0.8757134277679226, 0.776451261255014, 0.8018571318101069, 0.7108455519086982, 0.7383514685818221, 0.7170252288612703, 0.8586302757015329, 0.7919481815217907, 0.7386991177991765, 0.7721244167810831, 0.7375766298813637, 1.011626980382668, 0.9214268608941323, 0.9768537971381419, 0.7479748665552362, 0.8292812409013915, 0.8062908908247808, 0.7487705772913187, 0.7714613780484552, 0.8370421603344588, 0.7919244861040191, 0.7408441007989538, 0, 0.8538275431524979, 0.724603001007755, 0.7265037149674637, 0.8834410374574585, 0.9252609747951036, 0.9917892009145829], [1.0918033086466765, 0.6655036923681367, 0.9275873623045982, 0.9432737527099757, 0.9235751180631816, 0.9061185562495585, 0.7928851910014177, 0.9814556412290427, 0.9305323582779379, 0.9296910515408431, 0.777801243561043, 0.9177785410946445, 1.1070879716021178, 1.0278163311031576, 1.0393539791377024, 0.73255932370895, 1.0061364692139076, 0.8118110035368122, 0.736484003160674, 0.9695412610828011, 0.7421918907165622, 0.767666725250476, 0.9073014448861456, 0.8538275431524979, 0, 0.7572927348030913, 0.7555712752633413, 1.0057279250816842, 1.0232068242870769, 1.0836622799436781], [1.0508277536503325, 0.7762813195289944, 0.8378135686953966, 0.8598884289548713, 0.7915867700505675, 0.8059512180086159, 0.6726054529295076, 0.910734394048981, 0.8475340819759496, 0.820492248089479, 0.7043554330102255, 0.8128182604167176, 1.05702160742458, 0.968648436421354, 1.0056532668756764, 0.649767441757658, 0.9076577237254305, 0.7511035925156638, 0.6494644507247826, 0.8587020867612263, 0.7480053657535493, 0.7162381554830092, 0.807891753077255, 0.724603001007755, 0.7572927348030913, 0, 0.6269143524429908, 0.9366576258262436, 0.9685658085929413, 1.0348878632482466], [1.0519424592711848, 0.774404093297571, 0.8394122399695897, 0.861423784384376, 0.793231151303449, 0.8076546773024053, 0.6731738854447812, 0.9121471142070202, 0.8490522306900129, 0.8223098399236416, 0.7035051939436667, 0.8145855254348707, 1.0582565503636878, 0.9699523214046168, 1.0066442707489582, 0.6481025975586187, 0.9094015913576655, 0.7503620449115811, 0.6475530593838025, 0.8605487142250895, 0.7463303866687818, 0.7150493600142309, 0.8095873178954006, 0.7265037149674637, 0.7555712752633413, 0.6269143524429908, 0, 0.9380679865808107, 0.9698105211375765, 1.0360956200068638], [0.7616389869346768, 1.0440228143663548, 0.7320419488127144, 0.7065839058643953, 0.9342240184822749, 0.7703386936621452, 0.9606063640038514, 0.6509278568965244, 0.7170204778515292, 0.780804894450453, 1.0120469158946868, 0.7745297832978495, 0.7540178949476836, 0.6661084261327913, 0.7444827717321302, 0.9455245529050617, 0.7233655269095359, 1.0548365810041003, 0.9558741526000478, 0.7744081265192658, 1.0570644089904533, 1.0271246331560926, 0.7678152202326981, 0.8834410374574585, 1.0057279250816842, 0.9366576258262436, 0.9380679865808107, 0, 0.675683215508324, 0.736083575958178], [0.7135937923290129, 1.0627711074412147, 0.7759814233601401, 0.7506577715197301, 0.9813102286641474, 0.8140119973794415, 0.9968936218391979, 0.6943189242785167, 0.7588896222834128, 0.8283044768026865, 1.0461504033631368, 0.8203621291205966, 0.7134888264063876, 0.6392613693456007, 0.6948189459437012, 0.9745421991521166, 0.7735941610772469, 1.090504814321916, 0.9858413445221741, 0.8246614660477246, 1.085618041819357, 1.0597767505194022, 0.8114799381771166, 0.9252609747951036, 1.0232068242870769, 0.9685658085929413, 0.9698105211375765, 0.675683215508324, 0, 0.6919737136008081], [0.6551201811977851, 1.1236964432683807, 0.8415344731576188, 0.8160110824328849, 1.0452909187120898, 0.8798034166552661, 1.063808615719198, 0.7589277148019686, 0.824999978463119, 0.8918738312792504, 1.11278264271309, 0.8851501246430892, 0.6484715182718396, 0.6957631030719726, 0.6871364643000906, 1.04013490888014, 0.826523658182837, 1.1573260113111852, 1.0516674161928778, 0.8837003489567223, 1.1508049117234758, 1.1261257586096496, 0.8772672904826342, 0.9917892009145829, 1.0836622799436781, 1.0348878632482466, 1.0360956200068638, 0.736083575958178, 0.6919737136008081, 0]], "tiempoAtencion": [0.25, 0.25, 0.25, 0.25, 0.25, 0.25, 0.25, 0.25, 0.25, 0.25, 0.25, 0.25, 0.25, 0.25, 0.25, 0.25, 0.25, 0.25, 0.25, 0.25, 0.25, 0.25, 0.25, 0.25, 0.25, 0.25, 0.25, 0.25, 0.25, 0.25], "habilidadesOperarios": [[1], [1]], "habilidadesOrdenes": [[1], [1], [1], [1], [1], [1], [1], [1], [1], [1], [1], [1], [1], [1], [1], [1], [1], [1], [1], [1], [1], [1], [1], [1], [1], [1], [1], [1], [1], [1]], "porcentajeCumplimientoHabilidades": 1, "horasTrabajo": [[9, 9], [9, 9]]}